{
    "crowdSpawnInfos": [
        {
            "crowdTypeID": 284,
            "spawnPosition": {
                "x": -355.05731201171875,
                "y": 287.48419189453125,
                "z": 2809.3369140625
            },
            "spawnFaceFwd": {
                "x": 0.34023353457450867,
                "z": -0.9403408765792847
            },
            "hairColor": {
                "r": 0.3960784375667572,
                "g": 0.27843138575553894,
                "b": 0.1882352977991104,
                "a": 1.0
            },
            "bodyColors": [
                {
                    "r": 1.0,
                    "g": 1.0,
                    "b": 1.0,
                    "a": 1.0
                },
                {
                    "r": 0.5529412031173706,
                    "g": 0.615686297416687,
                    "b": 0.7137255072593689,
                    "a": 1.0
                },
                {
                    "r": 0.250980406999588,
                    "g": 0.2549019753932953,
                    "b": 0.32156863808631897,
                    "a": 1.0
                },
                {
                    "r": 0.5607843399047852,
                    "g": 0.4941176474094391,
                    "b": 0.4313725531101227,
                    "a": 1.0
                }
            ],
            "FFKLGKCDEGC": 400001
        },
        {
            "crowdTypeID": 308,
            "spawnPosition": {
                "x": -354.7308044433594,
                "y": 287.485107421875,
                "z": 2808.3798828125
            },
            "spawnFaceFwd": {
                "x": -0.3288010358810425,
                "z": 0.9443992376327515
            },
            "hairColor": {
                "r": 0.4274509847164154,
                "g": 0.37254902720451355,
                "b": 0.3019607961177826,
                "a": 1.0
            },
            "bodyColors": [
                {
                    "r": 1.0,
                    "g": 1.0,
                    "b": 1.0,
                    "a": 1.0
                },
                {
                    "r": 0.250980406999588,
                    "g": 0.2549019753932953,
                    "b": 0.32156863808631897,
                    "a": 1.0
                },
                {
                    "r": 0.5529412031173706,
                    "g": 0.615686297416687,
                    "b": 0.7137255072593689,
                    "a": 1.0
                },
                {
                    "r": 0.5607843399047852,
                    "g": 0.4941176474094391,
                    "b": 0.4313725531101227,
                    "a": 1.0
                }
            ],
            "FFKLGKCDEGC": 400002
        }
    ]
}