{
    "crowdSpawnInfos": [
        {
            "crowdTypeID": 100,
            "animConfigID": 4,
            "spawnPosition": {
                "x": 2207.802001953125,
                "y": 230.0885009765625,
                "z": -802.1696166992188
            },
            "spawnFaceFwd": {
                "x": 0.8689597845077515,
                "z": 0.49488264322280884
            },
            "hairColor": {
                "r": 0.25882354378700256,
                "g": 0.25882354378700256,
                "b": 0.25882354378700256,
                "a": 1.0
            },
            "bodyColors": [
                {
                    "r": 0.9333333373069763,
                    "g": 0.8666666746139526,
                    "b": 0.843137264251709,
                    "a": 1.0
                },
                {
                    "r": 0.8235294222831726,
                    "g": 0.8235294222831726,
                    "b": 0.8235294222831726,
                    "a": 1.0
                },
                {
                    "r": 0.4431372582912445,
                    "g": 0.3960784375667572,
                    "b": 0.4941176474094391,
                    "a": 1.0
                },
                {
                    "r": 0.3686274588108063,
                    "g": 0.24313725531101227,
                    "b": 0.24313725531101227,
                    "a": 1.0
                }
            ],
            "OJMCMBIHHLF": 30002
        },
        {
            "crowdTypeID": 109,
            "animConfigID": 2,
            "spawnPosition": {
                "x": 2208.902099609375,
                "y": 230.08839416503906,
                "z": -806.4030151367188
            },
            "spawnFaceFwd": {
                "x": 0.9039034843444824,
                "z": -0.42773663997650146
            },
            "hairColor": {
                "r": 0.32156863808631897,
                "g": 0.21568627655506134,
                "b": 0.18039216101169586,
                "a": 1.0
            },
            "bodyColors": [
                {
                    "r": 0.9058823585510254,
                    "g": 0.7882353067398071,
                    "b": 0.7333333492279053,
                    "a": 1.0
                },
                {
                    "r": 0.42352941632270813,
                    "g": 0.4627451002597809,
                    "b": 0.5647059082984924,
                    "a": 1.0
                },
                {
                    "r": 0.6745098233222961,
                    "g": 0.6666666865348816,
                    "b": 0.6549019813537598,
                    "a": 1.0
                },
                {
                    "r": 0.2980392277240753,
                    "g": 0.27843138575553894,
                    "b": 0.3176470696926117,
                    "a": 1.0
                }
            ],
            "OJMCMBIHHLF": 30003
        },
        {
            "crowdTypeID": 94,
            "spawnPosition": {
                "x": 2214.830078125,
                "y": 230.0885009765625,
                "z": -796.4351196289062
            },
            "spawnFaceFwd": {
                "x": 0.7744117975234985,
                "y": 0.1302860528230667,
                "z": 0.619121789932251
            },
            "hairColor": {
                "r": 0.8392156958580017,
                "g": 0.8392156958580017,
                "b": 0.8392156958580017,
                "a": 1.0
            },
            "bodyColors": [
                {
                    "r": 0.9058823585510254,
                    "g": 0.7882353067398071,
                    "b": 0.7333333492279053,
                    "a": 1.0
                },
                {
                    "r": 0.2862745225429535,
                    "g": 0.24313725531101227,
                    "b": 0.24313725531101227,
                    "a": 1.0
                },
                {
                    "r": 0.572549045085907,
                    "g": 0.48235294222831726,
                    "b": 0.4000000059604645,
                    "a": 1.0
                },
                {
                    "r": 0.2862745225429535,
                    "g": 0.24313725531101227,
                    "b": 0.24313725531101227,
                    "a": 1.0
                }
            ],
            "OJMCMBIHHLF": 30006
        },
        {
            "crowdTypeID": 92,
            "spawnPosition": {
                "x": 2215.533935546875,
                "y": 230.0885009765625,
                "z": -795.9368286132812
            },
            "spawnFaceFwd": {
                "x": -0.7177035212516785,
                "z": -0.6963487863540649
            },
            "hairColor": {
                "r": 0.25882354378700256,
                "g": 0.25882354378700256,
                "b": 0.25882354378700256,
                "a": 1.0
            },
            "bodyColors": [
                {
                    "r": 0.9333333373069763,
                    "g": 0.8666666746139526,
                    "b": 0.843137264251709,
                    "a": 1.0
                },
                {
                    "r": 0.3686274588108063,
                    "g": 0.24313725531101227,
                    "b": 0.24313725531101227,
                    "a": 1.0
                },
                {
                    "r": 0.4431372582912445,
                    "g": 0.3960784375667572,
                    "b": 0.4941176474094391,
                    "a": 1.0
                },
                {
                    "r": 0.8235294222831726,
                    "g": 0.8235294222831726,
                    "b": 0.8235294222831726,
                    "a": 1.0
                }
            ],
            "OJMCMBIHHLF": 30007
        }
    ]
}