{
    "crowdSpawnInfos": [
        {
            "crowdTypeID": 100,
            "animConfigID": 11,
            "spawnPosition": {
                "x": 2013.4949951171875,
                "y": 204.3679962158203,
                "z": -846.6268920898438
            },
            "spawnFaceFwd": {
                "x": -0.0803222581744194,
                "z": 0.9967689514160156
            },
            "hairColor": {
                "r": 0.4274509847164154,
                "g": 0.37254902720451355,
                "b": 0.3019607961177826,
                "a": 1.0
            },
            "bodyColors": [
                {
                    "r": 0.9333333373069763,
                    "g": 0.8666666746139526,
                    "b": 0.843137264251709,
                    "a": 1.0
                },
                {
                    "r": 0.772549033164978,
                    "g": 0.7607843279838562,
                    "b": 0.7450980544090271,
                    "a": 1.0
                },
                {
                    "r": 0.5882353186607361,
                    "g": 0.4156862795352936,
                    "b": 0.4156862795352936,
                    "a": 1.0
                },
                {
                    "r": 0.2862745225429535,
                    "g": 0.21568627655506134,
                    "b": 0.21568627655506134,
                    "a": 1.0
                }
            ],
            "OLLPOHKGJCA": 30005
        },
        {
            "crowdTypeID": 92,
            "animConfigID": 1,
            "spawnPosition": {
                "x": 2014.990966796875,
                "y": 204.3679962158203,
                "z": -845.598388671875
            },
            "spawnFaceFwd": {
                "x": -0.5827164649963379,
                "z": 0.8126755356788635
            },
            "hairColor": {
                "r": 0.4274509847164154,
                "g": 0.37254902720451355,
                "b": 0.3019607961177826,
                "a": 1.0
            },
            "bodyColors": [
                {
                    "r": 1.0,
                    "g": 1.0,
                    "b": 1.0,
                    "a": 1.0
                },
                {
                    "r": 0.2862745225429535,
                    "g": 0.24313725531101227,
                    "b": 0.24313725531101227,
                    "a": 1.0
                },
                {
                    "r": 0.572549045085907,
                    "g": 0.48235294222831726,
                    "b": 0.4000000059604645,
                    "a": 1.0
                },
                {
                    "r": 0.7215686440467834,
                    "g": 0.7215686440467834,
                    "b": 0.7215686440467834,
                    "a": 1.0
                }
            ],
            "OLLPOHKGJCA": 30007
        },
        {
            "crowdTypeID": 93,
            "animConfigID": 1,
            "spawnPosition": {
                "x": 2014.154052734375,
                "y": 204.3679962158203,
                "z": -846.5192260742188
            },
            "spawnFaceFwd": {
                "x": -0.31012552976608276,
                "z": 0.9506956338882446
            },
            "hairColor": {
                "r": 0.3960784375667572,
                "g": 0.27843138575553894,
                "b": 0.1882352977991104,
                "a": 1.0
            },
            "bodyColors": [
                {
                    "r": 0.9333333373069763,
                    "g": 0.8666666746139526,
                    "b": 0.843137264251709,
                    "a": 1.0
                },
                {
                    "r": 0.5882353186607361,
                    "g": 0.4156862795352936,
                    "b": 0.4156862795352936,
                    "a": 1.0
                },
                {
                    "r": 0.2862745225429535,
                    "g": 0.21568627655506134,
                    "b": 0.21568627655506134,
                    "a": 1.0
                },
                {
                    "r": 0.772549033164978,
                    "g": 0.7607843279838562,
                    "b": 0.7450980544090271,
                    "a": 1.0
                }
            ],
            "OLLPOHKGJCA": 30008
        }
    ]
}