{
    "crowdSpawnInfos": [
        {
            "crowdTypeID": 153,
            "spawnPosition": {
                "x": -3020.1630859375,
                "y": 220.3173065185547,
                "z": -4370.55908203125
            },
            "spawnFaceFwd": {
                "x": -0.5589571595191956,
                "z": -0.829196572303772
            },
            "hairColor": {
                "r": 0.29019609093666077,
                "g": 0.3176470696926117,
                "b": 0.3529411852359772,
                "a": 1.0
            },
            "bodyColors": [
                {
                    "r": 0.9058823585510254,
                    "g": 0.7882353067398071,
                    "b": 0.7333333492279053,
                    "a": 1.0
                },
                {
                    "r": 0.7450980544090271,
                    "g": 0.6941176652908325,
                    "b": 0.6431372761726379,
                    "a": 1.0
                },
                {
                    "r": 0.34117648005485535,
                    "g": 0.2666666805744171,
                    "b": 0.24705882370471954,
                    "a": 1.0
                },
                {
                    "r": 0.48627451062202454,
                    "g": 0.38823530077934265,
                    "b": 0.3019607961177826,
                    "a": 1.0
                }
            ],
            "OJMCMBIHHLF": 10007
        },
        {
            "crowdTypeID": 136,
            "animConfigID": 1,
            "spawnPosition": {
                "x": -3021.4189453125,
                "y": 220.3159942626953,
                "z": -4371.27978515625
            },
            "spawnFaceFwd": {
                "x": 0.8447195291519165,
                "z": 0.5352091789245605
            },
            "hairColor": {
                "r": 0.3960784375667572,
                "g": 0.27843138575553894,
                "b": 0.1882352977991104,
                "a": 1.0
            },
            "bodyColors": [
                {
                    "r": 0.9333333373069763,
                    "g": 0.8666666746139526,
                    "b": 0.843137264251709,
                    "a": 1.0
                },
                {
                    "r": 0.5529412031173706,
                    "g": 0.615686297416687,
                    "b": 0.7137255072593689,
                    "a": 1.0
                },
                {
                    "r": 0.250980406999588,
                    "g": 0.2549019753932953,
                    "b": 0.32156863808631897,
                    "a": 1.0
                },
                {
                    "r": 0.5607843399047852,
                    "g": 0.4941176474094391,
                    "b": 0.4313725531101227,
                    "a": 1.0
                }
            ],
            "OJMCMBIHHLF": 10008
        },
        {
            "crowdTypeID": 155,
            "animConfigID": 12,
            "spawnPosition": {
                "x": -3023.1259765625,
                "y": 224.5955047607422,
                "z": -4405.923828125
            },
            "spawnFaceFwd": {
                "x": -0.9999129772186279,
                "z": 0.01318901777267456
            },
            "hairColor": {
                "r": 0.3960784375667572,
                "g": 0.27843138575553894,
                "b": 0.1882352977991104,
                "a": 1.0
            },
            "bodyColors": [
                {
                    "r": 0.9058823585510254,
                    "g": 0.7882353067398071,
                    "b": 0.7333333492279053,
                    "a": 1.0
                },
                {
                    "r": 0.7450980544090271,
                    "g": 0.6941176652908325,
                    "b": 0.6431372761726379,
                    "a": 1.0
                },
                {
                    "r": 0.48627451062202454,
                    "g": 0.38823530077934265,
                    "b": 0.3019607961177826,
                    "a": 1.0
                },
                {
                    "r": 0.34117648005485535,
                    "g": 0.2666666805744171,
                    "b": 0.24705882370471954,
                    "a": 1.0
                }
            ],
            "OJMCMBIHHLF": 10009
        },
        {
            "crowdTypeID": 137,
            "animConfigID": 1,
            "spawnPosition": {
                "x": -3024.291015625,
                "y": 224.5955047607422,
                "z": -4407.18896484375
            },
            "spawnFaceFwd": {
                "x": 0.1734883189201355,
                "z": 0.9848359227180481
            },
            "hairColor": {
                "r": 0.25882354378700256,
                "g": 0.25882354378700256,
                "b": 0.25882354378700256,
                "a": 1.0
            },
            "bodyColors": [
                {
                    "r": 0.9333333373069763,
                    "g": 0.8666666746139526,
                    "b": 0.843137264251709,
                    "a": 1.0
                },
                {
                    "r": 0.545098066329956,
                    "g": 0.3529411852359772,
                    "b": 0.37254902720451355,
                    "a": 1.0
                },
                {
                    "r": 0.7411764860153198,
                    "g": 0.686274528503418,
                    "b": 0.615686297416687,
                    "a": 1.0
                },
                {
                    "r": 0.3176470696926117,
                    "g": 0.2666666805744171,
                    "b": 0.23137255012989044,
                    "a": 1.0
                }
            ],
            "OJMCMBIHHLF": 10010
        },
        {
            "crowdTypeID": 164,
            "spawnPosition": {
                "x": -3019.083984375,
                "y": 217.2989959716797,
                "z": -4333.6689453125
            },
            "spawnFaceFwd": {
                "z": 1.0
            },
            "hairColor": {
                "r": 0.32156863808631897,
                "g": 0.21568627655506134,
                "b": 0.18039216101169586,
                "a": 1.0
            },
            "bodyColors": [
                {
                    "r": 1.0,
                    "g": 1.0,
                    "b": 1.0,
                    "a": 1.0
                },
                {
                    "r": 1.0,
                    "g": 1.0,
                    "b": 1.0,
                    "a": 1.0
                },
                {
                    "r": 1.0,
                    "g": 1.0,
                    "b": 1.0,
                    "a": 1.0
                },
                {
                    "r": 1.0,
                    "g": 1.0,
                    "b": 1.0,
                    "a": 1.0
                }
            ],
            "OJMCMBIHHLF": 10011
        },
        {
            "crowdTypeID": 146,
            "animConfigID": 2,
            "spawnPosition": {
                "x": -3061.326904296875,
                "y": 246.8022003173828,
                "z": -4409.77685546875
            },
            "spawnFaceFwd": {
                "x": -0.35883235931396484,
                "z": 0.9334020614624023
            },
            "hairColor": {
                "r": 0.32156863808631897,
                "g": 0.21568627655506134,
                "b": 0.18039216101169586,
                "a": 1.0
            },
            "bodyColors": [
                {
                    "r": 0.9333333373069763,
                    "g": 0.8666666746139526,
                    "b": 0.843137264251709,
                    "a": 1.0
                },
                {
                    "r": 0.545098066329956,
                    "g": 0.3529411852359772,
                    "b": 0.37254902720451355,
                    "a": 1.0
                },
                {
                    "r": 0.3176470696926117,
                    "g": 0.2666666805744171,
                    "b": 0.23137255012989044,
                    "a": 1.0
                },
                {
                    "r": 0.7411764860153198,
                    "g": 0.686274528503418,
                    "b": 0.615686297416687,
                    "a": 1.0
                }
            ],
            "OJMCMBIHHLF": 10012
        },
        {
            "crowdTypeID": 132,
            "animConfigID": 3,
            "spawnPosition": {
                "x": -3060.56103515625,
                "y": 246.8022003173828,
                "z": -4408.1328125
            },
            "spawnFaceFwd": {
                "x": -0.5126394033432007,
                "z": -0.8586040735244751
            },
            "hairColor": {
                "r": 0.3960784375667572,
                "g": 0.27843138575553894,
                "b": 0.1882352977991104,
                "a": 1.0
            },
            "bodyColors": [
                {
                    "r": 0.9058823585510254,
                    "g": 0.7882353067398071,
                    "b": 0.7333333492279053,
                    "a": 1.0
                },
                {
                    "r": 0.45098039507865906,
                    "g": 0.3843137323856354,
                    "b": 0.34117648005485535,
                    "a": 1.0
                },
                {
                    "r": 0.239215686917305,
                    "g": 0.2549019753932953,
                    "b": 0.3294117748737335,
                    "a": 1.0
                },
                {
                    "r": 0.4117647111415863,
                    "g": 0.40392157435417175,
                    "b": 0.4274509847164154,
                    "a": 1.0
                }
            ],
            "OJMCMBIHHLF": 10013
        },
        {
            "crowdTypeID": 127,
            "animConfigID": 1,
            "spawnPosition": {
                "x": -3061.990966796875,
                "y": 246.8022003173828,
                "z": -4408.380859375
            },
            "spawnFaceFwd": {
                "x": 0.6733790040016174,
                "z": -0.7392975091934204
            },
            "hairColor": {
                "r": 0.25882354378700256,
                "g": 0.25882354378700256,
                "b": 0.25882354378700256,
                "a": 1.0
            },
            "bodyColors": [
                {
                    "r": 0.9333333373069763,
                    "g": 0.8666666746139526,
                    "b": 0.843137264251709,
                    "a": 1.0
                },
                {
                    "r": 0.2980392277240753,
                    "g": 0.2823529541492462,
                    "b": 0.27843138575553894,
                    "a": 1.0
                },
                {
                    "r": 0.5803921818733215,
                    "g": 0.5803921818733215,
                    "b": 0.48627451062202454,
                    "a": 1.0
                },
                {
                    "r": 0.2980392277240753,
                    "g": 0.2823529541492462,
                    "b": 0.27843138575553894,
                    "a": 1.0
                }
            ],
            "OJMCMBIHHLF": 10014
        },
        {
            "crowdTypeID": 130,
            "spawnPosition": {
                "x": -3076.47802734375,
                "y": 244.24569702148438,
                "z": -4381.9580078125
            },
            "spawnFaceFwd": {
                "z": 1.0
            },
            "hairColor": {
                "r": 0.8392156958580017,
                "g": 0.8392156958580017,
                "b": 0.8392156958580017,
                "a": 1.0
            },
            "bodyColors": [
                {
                    "r": 0.9058823585510254,
                    "g": 0.7882353067398071,
                    "b": 0.7333333492279053,
                    "a": 1.0
                },
                {
                    "r": 0.35686275362968445,
                    "g": 0.29411765933036804,
                    "b": 0.239215686917305,
                    "a": 1.0
                },
                {
                    "r": 0.5803921818733215,
                    "g": 0.5803921818733215,
                    "b": 0.48627451062202454,
                    "a": 1.0
                },
                {
                    "r": 0.2980392277240753,
                    "g": 0.2823529541492462,
                    "b": 0.27843138575553894,
                    "a": 1.0
                }
            ],
            "OJMCMBIHHLF": 10017
        },
        {
            "crowdTypeID": 153,
            "spawnPosition": {
                "x": -3076.241943359375,
                "y": 244.24920654296875,
                "z": -4380.2509765625
            },
            "spawnFaceFwd": {
                "x": 0.12578687071800232,
                "z": -0.9920573234558105
            },
            "hairColor": {
                "r": 0.25882354378700256,
                "g": 0.25882354378700256,
                "b": 0.25882354378700256,
                "a": 1.0
            },
            "bodyColors": [
                {
                    "r": 0.9058823585510254,
                    "g": 0.7882353067398071,
                    "b": 0.7333333492279053,
                    "a": 1.0
                },
                {
                    "r": 0.7450980544090271,
                    "g": 0.6941176652908325,
                    "b": 0.6431372761726379,
                    "a": 1.0
                },
                {
                    "r": 0.34117648005485535,
                    "g": 0.2666666805744171,
                    "b": 0.24705882370471954,
                    "a": 1.0
                },
                {
                    "r": 0.48627451062202454,
                    "g": 0.38823530077934265,
                    "b": 0.3019607961177826,
                    "a": 1.0
                }
            ],
            "OJMCMBIHHLF": 10018
        },
        {
            "crowdTypeID": 137,
            "animConfigID": 7,
            "spawnPosition": {
                "x": -3072.883056640625,
                "y": 244.24569702148438,
                "z": -4375.2890625
            },
            "spawnFaceFwd": {
                "x": 0.42373156547546387,
                "z": 0.9057878255844116
            },
            "hairColor": {
                "r": 0.29019609093666077,
                "g": 0.3176470696926117,
                "b": 0.3529411852359772,
                "a": 1.0
            },
            "bodyColors": [
                {
                    "r": 0.9333333373069763,
                    "g": 0.8666666746139526,
                    "b": 0.843137264251709,
                    "a": 1.0
                },
                {
                    "r": 0.7450980544090271,
                    "g": 0.6941176652908325,
                    "b": 0.6431372761726379,
                    "a": 1.0
                },
                {
                    "r": 0.34117648005485535,
                    "g": 0.2666666805744171,
                    "b": 0.24705882370471954,
                    "a": 1.0
                },
                {
                    "r": 0.48627451062202454,
                    "g": 0.38823530077934265,
                    "b": 0.3019607961177826,
                    "a": 1.0
                }
            ],
            "OJMCMBIHHLF": 10019
        },
        {
            "crowdTypeID": 140,
            "animConfigID": 8,
            "spawnPosition": {
                "x": -3041.962890625,
                "y": 211.82870483398438,
                "z": -4291.2919921875
            },
            "spawnFaceFwd": {
                "x": 0.8977602124214172,
                "z": -0.4404846429824829
            },
            "hairColor": {
                "r": 0.32156863808631897,
                "g": 0.21568627655506134,
                "b": 0.18039216101169586,
                "a": 1.0
            },
            "bodyColors": [
                {
                    "r": 0.9333333373069763,
                    "g": 0.8666666746139526,
                    "b": 0.843137264251709,
                    "a": 1.0
                },
                {
                    "r": 0.5372549295425415,
                    "g": 0.364705890417099,
                    "b": 0.34117648005485535,
                    "a": 1.0
                },
                {
                    "r": 0.26274511218070984,
                    "g": 0.2078431397676468,
                    "b": 0.18039216101169586,
                    "a": 1.0
                },
                {
                    "r": 0.41960784792900085,
                    "g": 0.43529412150382996,
                    "b": 0.4941176474094391,
                    "a": 1.0
                }
            ],
            "OJMCMBIHHLF": 10023
        },
        {
            "crowdTypeID": 130,
            "animConfigID": 1,
            "spawnPosition": {
                "x": -3039.8349609375,
                "y": 243.62840270996094,
                "z": -4412.27294921875
            },
            "spawnFaceFwd": {
                "x": -0.38404229283332825,
                "z": -0.9233154058456421
            },
            "hairColor": {
                "r": 0.8392156958580017,
                "g": 0.8392156958580017,
                "b": 0.8392156958580017,
                "a": 1.0
            },
            "bodyColors": [
                {
                    "r": 0.9058823585510254,
                    "g": 0.7882353067398071,
                    "b": 0.7333333492279053,
                    "a": 1.0
                },
                {
                    "r": 0.2980392277240753,
                    "g": 0.27450981736183167,
                    "b": 0.25882354378700256,
                    "a": 1.0
                },
                {
                    "r": 0.4156862795352936,
                    "g": 0.45490196347236633,
                    "b": 0.4745098054409027,
                    "a": 1.0
                },
                {
                    "r": 0.6352941393852234,
                    "g": 0.6117647290229797,
                    "b": 0.5921568870544434,
                    "a": 1.0
                }
            ],
            "OJMCMBIHHLF": 10024
        },
        {
            "crowdTypeID": 157,
            "spawnPosition": {
                "x": -3041.340087890625,
                "y": 243.62840270996094,
                "z": -4414.869140625
            },
            "spawnFaceFwd": {
                "x": 0.5825457572937012,
                "z": 0.8127979040145874
            },
            "hairColor": {
                "r": 0.29019609093666077,
                "g": 0.3176470696926117,
                "b": 0.3529411852359772,
                "a": 1.0
            },
            "bodyColors": [
                {
                    "r": 0.9058823585510254,
                    "g": 0.7882353067398071,
                    "b": 0.7333333492279053,
                    "a": 1.0
                },
                {
                    "r": 0.2980392277240753,
                    "g": 0.27450981736183167,
                    "b": 0.25882354378700256,
                    "a": 1.0
                },
                {
                    "r": 0.4156862795352936,
                    "g": 0.45490196347236633,
                    "b": 0.4745098054409027,
                    "a": 1.0
                },
                {
                    "r": 0.6352941393852234,
                    "g": 0.6117647290229797,
                    "b": 0.5921568870544434,
                    "a": 1.0
                }
            ],
            "OJMCMBIHHLF": 10025
        },
        {
            "crowdTypeID": 147,
            "spawnPosition": {
                "x": -3040.777099609375,
                "y": 243.62840270996094,
                "z": -4415.541015625
            },
            "spawnFaceFwd": {
                "x": 0.36931371688842773,
                "z": 0.9293047785758972
            },
            "hairColor": {
                "r": 0.25882354378700256,
                "g": 0.25882354378700256,
                "b": 0.25882354378700256,
                "a": 1.0
            },
            "bodyColors": [
                {
                    "r": 0.9333333373069763,
                    "g": 0.8666666746139526,
                    "b": 0.843137264251709,
                    "a": 1.0
                },
                {
                    "r": 0.5803921818733215,
                    "g": 0.5803921818733215,
                    "b": 0.48627451062202454,
                    "a": 1.0
                },
                {
                    "r": 0.35686275362968445,
                    "g": 0.29411765933036804,
                    "b": 0.239215686917305,
                    "a": 1.0
                },
                {
                    "r": 0.2980392277240753,
                    "g": 0.2823529541492462,
                    "b": 0.27843138575553894,
                    "a": 1.0
                }
            ],
            "OJMCMBIHHLF": 10026
        }
    ]
}